﻿01/12/2020,           TRANSFER            UPI20201201000099400            033622736504 PANKAJ SHIVAJI DEVKAR 918652603701 mdnshetty64@okaxis pankajdevkar0506@oksbi UPI U@0118467 SYSTEM GENERATED,40.00,"248,895.47"
01/12/2020,           TRANSFER            UPI20201201000085807            033620971300 LEELESH KUMAR SHETTY BARB0VJKAUP/919322268331 UPI U@0115867 SYSTEM GENERATED,"-1,000.00","248,855.47"
01/12/2020,           TRANSFER            UPI20201201000085734            033620956178 LEELESH KUMAR SHETTY BARB0VJKAUP/919322268331 UPI U@0517364 SYSTEM GENERATED,-1.00,"249,855.47"
01/12/2020,           TRANSFER            UPI20201201000000178            033600790288 SURAJ PARASHURAM PAWAR UBIN0911305/919322268331 UPI U@0100032 SYSTEM GENERATED,-970.00,"249,856.47"
30/11/2020,           TRANSFER            UPI20201130000206151            033510296399 LEELESH KUMAR SHETTY 919739920244 mdnshetty64@okaxis leeleshakumarshetty@okicici UPI U@0239451 SYSTEM GENERATED,1.00,"250,826.47"
30/11/2020,           TRANSFER            UPI20201130000073613            033319055501 LEELESH KUMAR SHETTY 919739920244 mdnshetty64@okaxis leeleshakumarshetty@okicici UPI U@0515759 SYSTEM GENERATED,1.00,"250,825.47"
23/11/2020,           TRANSFER            UPI20201123000026566            032712465641 LAXMAN RAMSEN  GUPTA 918657255971 mdnshetty64@okaxis laxman.gupta8828@oksbi UPI U@0205056 SYSTEM GENERATED,250.00,"250,824.47"
19/11/2020,           TRANSFER            UPI20201119000081352            032422900565 Mr SALMAN CHAND TAMBOLI 919699978822 mdnshetty64@okaxis tambolisalman97@okaxis Dinesh U@0315499 SYSTEM GENERATED,"2,000.00","250,574.47"
18/11/2020,           TRANSFER            UPI20201118000050889            032317464705 billdesktez 919000000060 005249487006@HSBC0400006.ifsc.npci billdesk-tez@icici reversal U@0510416 SYSTEM GENERATED,"20,660.00","248,574.47"
17/11/2020,           TRANSFER            UPI20201117000015156            032210768713 billdesktez ICIC0000555/919322268331 UPI U@0403605 SYSTEM GENERATED,"-20,660.00","227,914.47"
16/11/2020,           TRANSFER            UPI20201116000249440            032122455611 SATISH RAJARAM MHAVALE 917057780483 mdnshetty64@okaxis mhavalesatish@okicici UPI U@0247652 SYSTEM GENERATED,110.00,"248,574.47"
16/11/2020,           TRANSFER            UPI20201116000227196            032118722966 MANOJ DHARAMPAL TALWAR KKBK0001361/919322268331 UPI U@0144524 SYSTEM GENERATED,"-4,000.00","248,464.47"
16/11/2020,           TRANSFER            UPI20201116000226337            032118523888 MANOJ DHARAMPAL TALWAR 919820033714 mdnshetty64@okaxis maaahir@okaxis tk U@0545597 SYSTEM GENERATED,1.00,"252,464.47"
16/11/2020,           TRANSFER            UPI20201116000226214            032118491335 MANOJ DHARAMPAL TALWAR 919820033714 mdnshetty64@okaxis maaahir@okaxis dinesh ana U@0444822 SYSTEM GENERATED,1.00,"252,463.47"
16/11/2020,           TRANSFER            UPI20201116000082659            031923271519 AJAYPAL SINGH 919619763351 mdnshetty64@okaxis singhajaypal28031995@okicici UPI U@0415364 SYSTEM GENERATED,130.00,"252,462.47"
16/11/2020,           TRANSFER            UPI20201116000034553            031913264858 LAXMAN RAMSEN  GUPTA 918657255971 mdnshetty64@okaxis laxman.gupta8828@oksbi UPI U@0507255 SYSTEM GENERATED,160.00,"252,332.47"
12/11/2020,           TRANSFER            UPI20201112000096816            031723213535 JOHNPREET JAIN 919821537940 mdnshetty64@okaxis johnpreetjain89-1@okicici UPI U@0119152 SYSTEM GENERATED,370.00,"252,172.47"
11/11/2020,           TRANSFER            UPI20201111000096169            031623246680 SANDESH VAIJANATH SURYAVANSHI 919137453375 mdnshetty64@okaxis sandyak57@oksbi Pay U@0119264 SYSTEM GENERATED,180.00,"251,802.47"
11/11/2020,           TRANSFER            UPI20201111000093761            031622057618 SANDESH VAIJANATH SURYAVANSHI 919137453375 mdnshetty64@okaxis sandyak57@oksbi Pay U@0418336 SYSTEM GENERATED,360.00,"251,622.47"
10/11/2020,           TRANSFER            UPI20201110000001575            031502140343 GOOGLEPAY 912222222222 mdnshetty64@okaxis goog-payment@okaxis UPI U@0200325 SYSTEM GENERATED,12.00,"251,262.47"
